v2.0 raw
0 201 211 8007 2140 8003 a6 84
8040 107 c4 2000 2140 2000 2000 8
484 211 2142 211 8003 8005 a3 484
251 2000 0 8003 144 480 148 484
145 211 807 211 0 8003 211 8003
211 8003 8003 211 400 8003 211 8003
211 8003 8003 211 800 0 8005 a3
147 4a4 211 2000 0 8003 211 8003
211 8003 8003 211 1000 8003 211 8003
211 8003 8003 200 0 0 0 0
0 0 0 0 0 0 0 4a4
0 484 147 0 0 0 0 a4
4a4 0 0 0 4a4 8007 2140 0
0 0 0 0 0 0 0 0
0 0 0 0 0 211 211 211
211 0 0 0 0 0 4a4 8007
4a4 8007 2140 0 8005 a3 211 8000
211 142 0 0 0 0 0 0
0 0 0 0 0 0 0 0
0 4a4 4007 4a4 4007 2000 8 4a4
484 8020 4007 2000 8 0 0 4001
211 8002 8003 218 4a5 0 8a0 85
230 84 800 147 0 0 210 8003
8003 a6 4001 210 211 8003 8003 211
2004 2087 211 8003 211 0 0 0
0 0 0 0 0 0 0 0
0 0 0 0 0 0 0 0
0 0 0 0 0 0 0 0
0 0 0 0 0 0 0 0
0 0 0 0 0 0 0 0
0 0 0 0 0 0 0 0
0 0 0 0 0 0 0 0

0 4011 0 0 0 0 0 0
0 0 0 0 0 0 0 0
0 0 0 0 0 211 8003 8003
a5 0 0 0 0 0 0 0
0 0 0 0 0 0 0 0
0 0 0 0 0 0 0 0
0 0 0 0 0 0 211 8003
8003 85 0 0 0 0 0 0


